m1=1.0
m2=1.65e-7
a=5.7909050e10
e=0.20563
er=0.2
et=0.2
ephi=0.2
t0=0.0
phi0=0.0
dt=0.0
Norbits=3
PN_order=1
L=1000
k=0.05